     0/499    0.623G     0.128    0.3129   0.04624    0.4871      1410       512  0.001864  0.001664 0.0001401  1.52e-05    0.1207   0.06143   0.04609
     1/499     1.39G     0.123    0.2796   0.04627    0.4488       627       512  0.004038   0.01226 0.0002612 5.655e-05    0.1167   0.09222   0.04611
     2/499     1.39G    0.1189    0.2793   0.04557    0.4438       610       512  0.005031   0.03621 0.0005099 8.794e-05    0.1138     0.108   0.04587
     3/499     1.39G    0.1156    0.2639   0.04508    0.4246       331       512  0.008559   0.05163  0.001605 0.0003265    0.1101    0.1325   0.04501
     4/499     1.39G     0.111    0.2682   0.04385    0.4231       539       512   0.03189   0.01847   0.00171 0.0003914    0.1052    0.1317   0.04368
     5/499     1.39G    0.1062    0.3053    0.0428    0.4543       260       512   0.01271   0.08465  0.002063 0.0004501    0.1015     0.136   0.04293
     6/499     1.39G     0.101    0.3098   0.04226    0.4531       291       512   0.01761   0.09309   0.00473  0.001193   0.09438    0.1542   0.04187
     7/499     1.39G   0.09769    0.3177   0.04129    0.4567       246       512   0.01821    0.1392  0.006084   0.00181   0.09119    0.1933   0.04256
     8/499     1.39G   0.09425    0.3412   0.04055     0.476       565       512   0.02235    0.1143  0.006694  0.002098   0.08678    0.2693   0.04035
     9/499     1.39G    0.0922    0.3398   0.04007    0.4721       303       512   0.01918    0.1642  0.006541  0.002086   0.08457    0.1509   0.03875
    10/499     1.39G   0.09033     0.314   0.04001    0.4444       291       512    0.0153    0.1992  0.006356  0.002126   0.08313      0.14   0.03786
    11/499     1.39G    0.0893    0.3545   0.03896    0.4828       720       512    0.0132    0.2267  0.006442  0.002249   0.08708    0.1055     0.038
    12/499     1.39G   0.08928    0.3441   0.03872    0.4721       409       512   0.02279    0.1629  0.009309   0.00352    0.0799    0.1734   0.03674
    13/499     1.39G   0.08636    0.3209   0.03812    0.4454       275       512   0.02437    0.2209   0.01127  0.004076   0.07912    0.2422   0.03648
    14/499     1.39G   0.08511    0.3253   0.03767    0.4481       506       512   0.02143     0.189  0.008788  0.003113   0.07974    0.1489   0.03567
    15/499     1.39G   0.08448    0.3163   0.03801    0.4388       714       512   0.02449    0.2269   0.01231  0.004657   0.07631    0.2111   0.03571
    16/499     1.39G   0.08293    0.3586   0.03681    0.4783       370       512   0.02063    0.2706   0.01163  0.003933   0.07671    0.1069    0.0346
    17/499     1.39G   0.08678     0.367   0.03686    0.4907       324       512   0.02735    0.1482    0.0138  0.003708   0.07896    0.3276   0.03473
    18/499     1.39G   0.08632    0.3879   0.03557    0.5098       740       512   0.02383    0.1702   0.01198   0.00446   0.07764    0.3994   0.03357
    19/499     1.39G   0.08513    0.3544   0.03526    0.4748       931       512   0.02191    0.2413     0.011  0.004256   0.07931    0.2213   0.03637
    20/499     1.39G   0.08326     0.342   0.03605    0.4613       714       512   0.02488    0.2075   0.01155  0.004543   0.07962    0.3513   0.03229
    21/499     1.39G   0.08327     0.346   0.03595    0.4652       644       512   0.03026    0.1335   0.01292   0.00547   0.07473    0.2277   0.03298
    22/499     1.39G   0.08362    0.3756   0.03553    0.4948       825       512   0.02759    0.1908   0.01373  0.005833   0.07576    0.4508   0.03448
    23/499     1.39G   0.08384    0.3664   0.03373     0.484       596       512   0.02455    0.2258   0.01199  0.004256   0.07602    0.2633   0.03314
    24/499     1.39G   0.08154    0.3417   0.03487    0.4581       479       512   0.02353    0.2714   0.01208  0.004588   0.07617    0.1466   0.03381
    25/499     1.39G   0.08849    0.3338   0.03425    0.4566       411       512   0.02735    0.2329   0.01272  0.005179   0.09047     0.134    0.0312
    26/499     1.39G   0.08672    0.3355   0.03354    0.4558       310       512   0.02999    0.1732   0.01441  0.005513   0.07418    0.2135    0.0302
    27/499     1.39G   0.08101     0.364   0.03274    0.4778       620       512   0.02979    0.2979   0.02214  0.008198   0.07232    0.3323   0.03004
    28/499     1.39G   0.08116    0.3567   0.03495    0.4728       516       512   0.02128    0.2996   0.01129  0.004822   0.07366    0.2539   0.03341
    29/499     1.39G   0.08079    0.3487   0.03408    0.4636       216       512   0.02767    0.2579   0.01677  0.007075   0.07268     0.221   0.02957
    30/499     1.39G   0.08402    0.3605   0.03247     0.477       649       512   0.03168    0.1784   0.01518  0.006108   0.07158    0.1683   0.03233
    31/499     1.39G   0.07935    0.3525   0.03274    0.4646       733       512   0.02413    0.2695   0.01586  0.007301    0.0715    0.2775   0.03154
    32/499     1.39G   0.08286    0.4153   0.03371    0.5319       314       512     0.029    0.3075   0.01711  0.006944   0.07305    0.1352   0.03283
    33/499     1.39G   0.08153    0.3772   0.03429     0.493      1053       512   0.02499    0.3482   0.01494  0.004913   0.07463    0.2183    0.0301
    34/499     1.39G   0.07875    0.3709   0.03339     0.483      1291       512   0.02988    0.1839   0.01297  0.006045   0.07364    0.3564   0.03148
    35/499     1.39G   0.08012    0.3627   0.03361    0.4764       591       512   0.02898    0.2641   0.01708   0.00705      0.07    0.2347   0.02965
    36/499     1.39G   0.07924     0.358   0.03303    0.4702      1086       512   0.03899    0.1892    0.0203   0.00834   0.07029    0.1923   0.02826
    37/499     1.39G   0.07775    0.3574   0.03214    0.4673      1072       512    0.2854    0.2141   0.02198  0.009479   0.06933    0.2541   0.02828
    38/499     1.39G   0.07705    0.3591   0.03191     0.468       584       512     0.531    0.1219   0.02214  0.009629   0.06864    0.2694   0.03049
    39/499     1.39G   0.08199    0.3576    0.0324     0.472       869       512   0.03481     0.111   0.01415  0.006319   0.07353    0.1335   0.03282
    40/499     1.39G   0.07652    0.3475   0.03143    0.4554       871       512   0.02755    0.3312    0.0221    0.0103   0.06898    0.2511   0.02918
    41/499     1.39G    0.0741    0.3343   0.03125    0.4397       346       512   0.02195    0.3981   0.01914  0.009207   0.06899     0.251   0.03193
    42/499     1.39G   0.07671    0.3555   0.03167    0.4639       477       512   0.02425    0.3452   0.02047  0.009736   0.07094    0.2254   0.03174
    43/499     1.39G   0.07605     0.352   0.03015    0.4582       401       512    0.1053    0.2994   0.02374  0.009312   0.07009    0.2711     0.028
    44/499     1.39G   0.07725    0.3671   0.02993    0.4743       957       512   0.02968    0.3195   0.02207  0.009605   0.06833    0.1888   0.02916
    45/499     1.39G   0.07539    0.3291   0.03039    0.4348       302       512    0.2862    0.2495   0.02538    0.0111   0.06787    0.2054   0.02706
    46/499     1.39G   0.07546    0.3469   0.03062     0.453       358       512    0.3027     0.215   0.03113   0.01426   0.06733    0.1965   0.02523
    47/499     1.39G   0.07583     0.354   0.02941    0.4592       137       512     0.294    0.2344   0.02646   0.01146    0.0682    0.2913   0.02626
    48/499     1.39G   0.07784    0.3777    0.0291    0.4846      1516       512   0.04793    0.1939   0.01222  0.005455   0.07477     0.258    0.0389
    49/499     1.39G    0.0754    0.3308   0.03049    0.4367       285       512   0.01674     0.282   0.01074  0.005225   0.07033     0.285   0.04265
    50/499     1.39G   0.07382    0.3184   0.03074     0.423       484       512   0.01798    0.2761   0.00977  0.005156   0.07037    0.2425   0.04886
    51/499     1.39G   0.07289    0.3309   0.03043    0.4342       447       512    0.5255    0.1675   0.01925  0.009358   0.07059    0.3379   0.03254
    52/499     1.39G   0.07489    0.3335   0.02911    0.4375       847       512   0.02405    0.3637   0.02003  0.009645   0.06922    0.2216   0.03028
    53/499     1.39G   0.07715    0.3522    0.0294    0.4588       354       512    0.3009    0.1959   0.02898   0.01473   0.06852    0.2585   0.02523
    54/499     1.39G   0.07624    0.3547   0.02892    0.4599       357       512    0.2933    0.2853   0.02902   0.01484   0.06735    0.2208   0.02524
    55/499     1.39G   0.07407    0.3424   0.02787    0.4444       418       512    0.2961     0.202   0.02701   0.01313   0.06938     0.201    0.0256
    56/499     1.39G   0.07292    0.3276   0.02703    0.4275       541       512    0.0404    0.3426    0.0287   0.01485   0.06893    0.2077   0.02551
    57/499     1.39G   0.07603    0.3482   0.02681    0.4511       208       512     0.296    0.2696   0.03084   0.01585   0.06788    0.2369   0.02345
    58/499     1.39G   0.07394    0.3299   0.02574    0.4296      1194       512    0.2967    0.2678   0.02983   0.01496   0.06716    0.2075   0.02234
    59/499     1.39G   0.07426    0.3467   0.02582    0.4468       413       512    0.2957    0.1385   0.02241   0.01211   0.06703    0.1915   0.02996
    60/499     1.39G   0.07424    0.3648   0.02695     0.466       290       512    0.2994    0.1987    0.0287   0.01436   0.06844    0.2383   0.02201
    61/499     1.39G   0.07311    0.3614   0.02756     0.462       221       512    0.2915    0.2837    0.0275   0.01298   0.06981    0.2317   0.02561
    62/499     1.39G   0.07503    0.3547   0.02792    0.4576       625       512   0.03284    0.3612   0.02121   0.01089   0.07016    0.2181   0.03716
    63/499     1.39G   0.07368    0.3531   0.02779    0.4545       403       512   0.03765    0.3679   0.02582   0.01317   0.06802    0.2197   0.02932
    64/499     1.39G   0.07331    0.3342   0.02768    0.4352       211       512    0.3045    0.2175   0.03315   0.01665   0.06743    0.1974   0.02256
    65/499     1.39G   0.07353    0.3385   0.02718    0.4392       596       512    0.3029    0.2258   0.03028    0.0149   0.06827    0.2274   0.02447
    66/499     1.39G   0.07224    0.3694   0.02662    0.4683       293       512    0.2954    0.2785   0.03114   0.01691   0.06654    0.2968   0.02231
    67/499     1.39G   0.07285    0.3631   0.02559    0.4616       434       512     0.299     0.231   0.02721    0.0143   0.06665    0.2165   0.02434
    68/499     1.39G    0.0722    0.3509   0.02493    0.4481       324       512    0.2916    0.2256    0.0238   0.01277   0.06594    0.3081   0.02926
    69/499     1.39G   0.07259    0.3585   0.02624    0.4573       365       512    0.3013    0.2884   0.03228   0.01744   0.06679    0.2482   0.02372
    70/499     1.39G    0.0751     0.339   0.02406    0.4382       598       512    0.3049    0.2311   0.03595   0.02016    0.0667    0.1785   0.01984
    71/499     1.39G   0.07484    0.3372   0.02334    0.4354       393       512    0.3052     0.271   0.03739   0.02041   0.06721    0.2698   0.02166
    72/499     1.39G   0.07336    0.3272   0.02406    0.4246       545       512    0.3053    0.2077   0.03641   0.02042   0.06496    0.2284    0.0211
    73/499     1.39G    0.0749    0.3337   0.02504    0.4337       369       512    0.3047    0.2575   0.03692   0.01999   0.06594    0.2343   0.01978
    74/499     1.39G   0.07351    0.3336   0.02471    0.4318       363       512    0.0434    0.4347   0.03413   0.01796    0.0652    0.2368   0.02144
    75/499     1.39G   0.07045    0.3177   0.02428    0.4124       594       512    0.3086    0.2721   0.04131   0.02326   0.06543    0.2365   0.01804
    76/499     1.39G   0.07164    0.3283   0.02435    0.4243       159       512    0.2993    0.2654    0.0332   0.01816   0.06538    0.2256   0.02128
    77/499     1.39G   0.07121    0.3075   0.02333     0.402       336       512    0.3086    0.2632   0.03966   0.02147   0.06689    0.2275   0.01824
    78/499     1.39G   0.07377     0.332   0.02237    0.4281       424       512    0.3044    0.2694    0.0361   0.01976   0.06624    0.2228   0.01918
    79/499     1.39G   0.07107    0.3219   0.02318    0.4162       502       512    0.3051    0.3132   0.03645    0.0201   0.06533    0.2648   0.02108
    80/499     1.39G   0.07398    0.3286   0.02413    0.4267       224       512    0.3089    0.2157    0.0383   0.02088   0.06639     0.237   0.01836
    81/499     1.39G   0.07271    0.3553   0.02352    0.4515       583       512    0.3109    0.2375   0.03439    0.0188   0.06597    0.2243   0.02139
    82/499     1.39G   0.07264     0.341   0.02297    0.4366       450       512    0.3066    0.2988   0.04257   0.02397   0.06449    0.2607   0.01713
    83/499     1.39G   0.06987    0.3267   0.02215    0.4188       184       512    0.3049    0.2945   0.03912   0.02169    0.0645    0.2844   0.01721
    84/499     1.39G   0.07183    0.3571   0.02167    0.4506       215       512    0.3021    0.3061   0.03848   0.02177   0.06482    0.2689   0.01815
    85/499     1.39G    0.0702    0.3302    0.0208    0.4212       485       512    0.3059    0.2685   0.03847   0.02201   0.06491    0.2404   0.01767
    86/499     1.39G   0.07101     0.329   0.02146    0.4215       650       512    0.2999    0.2497   0.03409   0.01912   0.06594    0.2641   0.02138
    87/499     1.39G   0.07303    0.3219   0.02223    0.4172       151       512    0.3025    0.2638    0.0378   0.02036   0.06756    0.2247   0.01862
    88/499     1.39G   0.07286    0.3425   0.02215    0.4375       302       512    0.3004    0.2582   0.03102   0.01741   0.06513    0.1795   0.02241
    89/499     1.39G   0.07087    0.3195   0.02163     0.412       414       512     0.304    0.2739   0.03549   0.01947   0.06625    0.2481   0.01897
    90/499     1.39G   0.07121      0.33   0.02291    0.4241       861       512    0.3034    0.2465   0.03521   0.01889   0.06604    0.2221   0.01813
    91/499     1.39G   0.07029    0.3332   0.02244    0.4259       617       512    0.3008    0.2767    0.0328   0.01873   0.06511    0.2042   0.02191
    92/499     1.39G   0.07181    0.3306   0.02175    0.4241       612       512    0.3058    0.2765   0.03876    0.0219   0.06592     0.225   0.01734
    93/499     1.39G   0.07091    0.3368   0.02064    0.4284       993       512    0.3032     0.271   0.03456   0.01941    0.0653    0.2178   0.01996
    94/499     1.39G   0.07238    0.3354   0.02078    0.4286       791       512    0.3078    0.2537   0.03937   0.02208   0.06412    0.2449   0.01591
    95/499     1.39G   0.06978    0.3065   0.02071     0.397       516       512    0.3063    0.2616    0.0379   0.02013   0.06573    0.2437   0.01619
    96/499     1.39G   0.07349    0.3499   0.02124    0.4447       271       512    0.3061    0.2389   0.03395   0.01837   0.06533    0.2125   0.02051
    97/499     1.39G   0.07326    0.3511   0.02162     0.446       470       512    0.3039    0.3129   0.04087   0.02374   0.06461    0.2713   0.01807
    98/499     1.39G   0.07105    0.3349   0.02125    0.4272       603       512    0.3061    0.2773   0.03686   0.02141   0.06427    0.2223   0.01759
    99/499     1.39G   0.07146    0.3635   0.02233    0.4573       874       512    0.3023    0.2623   0.03377   0.01793   0.06551    0.2497    0.0205
   100/499     1.39G   0.07023    0.3346   0.02117     0.426       349       512    0.2993    0.2924   0.03231   0.01748   0.06532    0.2073   0.01849
   101/499     1.39G   0.06999    0.3229   0.02013     0.413       171       512    0.2994    0.2571   0.03164   0.01716   0.06583    0.2067   0.01892
   102/499     1.39G   0.07305    0.3549   0.01946    0.4474       522       512    0.3099     0.238    0.0399   0.02287   0.06453    0.2545   0.01654
   103/499     1.39G   0.07031    0.3556   0.02032    0.4463       660       512    0.3083    0.2825   0.03964   0.02284   0.06419    0.2552   0.01716
   104/499     1.39G   0.07176    0.3411    0.0205    0.4334       683       512    0.3084    0.2566   0.03982   0.02244     0.065    0.2823   0.01762
   105/499     1.39G   0.07123    0.3325   0.02151    0.4252       423       512    0.3095    0.2371   0.04031   0.02305   0.06436    0.2185   0.01797
   106/499     1.39G   0.07205    0.3619    0.0185    0.4525       419       512    0.3053    0.2928   0.03811   0.02161   0.06465    0.2771    0.0175
   107/499     1.39G   0.06982    0.3328   0.02065    0.4232       577       512    0.3046    0.3014   0.03949   0.02252   0.06432    0.2468   0.01521
   108/499     1.39G   0.06981     0.345   0.01979    0.4346       609       512    0.3052    0.3181    0.0391   0.02258   0.06444    0.2445   0.01662
   109/499     1.39G   0.06935    0.3165   0.01983    0.4057       490       512    0.3062    0.2881   0.03977   0.02249   0.06572    0.2576   0.01731
   110/499     1.39G   0.07035    0.3106   0.02061    0.4016       455       512     0.308    0.2366   0.03673   0.02066   0.06615    0.2454   0.01832
   111/499     1.39G   0.07071    0.3463   0.01867    0.4357      1186       512    0.3031    0.3231   0.03858   0.02169   0.06476    0.2583   0.01779
   112/499     1.39G   0.07404    0.3242   0.01847    0.4167       465       512    0.3001    0.2963   0.03832   0.02305   0.06487    0.2682   0.01838
   113/499     1.39G   0.07069    0.3151   0.01959    0.4054       637       512    0.3066    0.2771   0.03867   0.02223   0.06461    0.2239   0.01468
   114/499     1.39G   0.07076    0.3205   0.01829    0.4095       356       512    0.3058    0.2407   0.03448   0.01937     0.065       0.2    0.0164
   115/499     1.39G    0.0709    0.3265    0.0193    0.4167       510       512    0.3048    0.2919   0.03734   0.02069   0.06502    0.2232   0.01462
   116/499     1.39G   0.07111    0.3469   0.01773    0.4358       266       512    0.3032    0.3591   0.03953   0.02297   0.06392     0.255   0.01403
   117/499     1.39G   0.07139    0.3299   0.01745    0.4187       843       512    0.3035    0.3443    0.0386   0.02176   0.06509    0.2266   0.01477
   118/499     1.39G   0.07192    0.3396   0.01827    0.4298       357       512    0.3057    0.3348   0.03976   0.02339   0.06361    0.2306    0.0145
   119/499     1.39G   0.07113    0.3109   0.01696     0.399       630       512    0.3043    0.3426   0.03871    0.0232   0.06374    0.2672   0.01515
   120/499     1.39G   0.07327    0.3616   0.01718     0.452       559       512     0.306    0.2651    0.0371   0.02172    0.0643    0.2763   0.01917
   121/499     1.39G   0.07081    0.3213   0.01852    0.4106       232       512     0.304    0.3191   0.03862   0.02295   0.06472    0.2362   0.01675
   122/499     1.39G   0.06984    0.3257   0.01875    0.4143       244       512    0.3039    0.3051   0.03852   0.02272   0.06424    0.2276   0.01432
   123/499     1.39G   0.06891    0.3235   0.01772    0.4102       325       512    0.3037    0.2638   0.03804   0.02284   0.06411     0.253   0.01484
   124/499     1.39G   0.06804    0.2995   0.01846     0.386       597       512    0.3044     0.264   0.03967   0.02252   0.06656    0.2313   0.01499
   125/499     1.39G    0.0696    0.2973   0.01629    0.3832       585       512    0.3036    0.3076   0.03871   0.02213   0.06592    0.2334   0.01437
   126/499     1.39G   0.07216    0.3288   0.01831    0.4192       306       512    0.3065    0.2582   0.03902    0.0223   0.06625    0.2124   0.01464
   127/499     1.39G   0.07192    0.3208   0.01693    0.4096       296       512    0.3067     0.314   0.04073   0.02342   0.06437    0.2377   0.01495
   128/499     1.39G   0.07015    0.3243    0.0177    0.4121       531       512    0.3032    0.2598   0.03092   0.01717   0.06511    0.2079   0.01929
   129/499     1.39G   0.07061    0.3066   0.01707    0.3943       423       512    0.3018    0.3609   0.03889   0.02235   0.06428      0.26   0.01615
   130/499     1.39G   0.07148    0.3125   0.01918    0.4032       188       512    0.3042    0.2987   0.03861   0.02206   0.06445     0.254   0.01423
   131/499     1.39G   0.07095    0.3215   0.01826    0.4107       237       512    0.3059    0.2862    0.0387   0.02244   0.06444    0.2506     0.015
   132/499     1.39G   0.07059    0.3545   0.01718    0.4423       166       512    0.3031    0.3213   0.03838   0.02151   0.06638    0.2797   0.01536
   133/499     1.39G   0.07133     0.322   0.01666      0.41       542       512    0.3028    0.2718   0.03781   0.02211   0.06445    0.2495    0.0159
   134/499     1.39G   0.06909    0.3109   0.01878    0.3987       516       512     0.302    0.3408   0.03838   0.02225   0.06484    0.2496   0.01437
   135/499     1.39G   0.06822    0.3113   0.01652    0.3961      1008       512    0.3035    0.3359   0.03803   0.02242   0.06464    0.2633   0.01438
   136/499     1.39G    0.0708    0.3387   0.01525    0.4247       329       512    0.3041       0.3   0.03867    0.0224   0.06406    0.2559   0.01398
   137/499     1.39G   0.06956    0.3377   0.01647    0.4238       557       512    0.3057    0.3481   0.04034   0.02376   0.06352    0.2654   0.01378
   138/499     1.39G   0.06914    0.3514   0.01676    0.4373       735       512    0.3037    0.3343   0.03839   0.02225    0.0636    0.2579   0.01382
   139/499     1.39G   0.07014    0.3573   0.01546    0.4429       732       512    0.3034    0.2947   0.03562   0.02025   0.06388    0.2131   0.01494
   140/499     1.39G   0.07063    0.3127   0.01603    0.3993      1085       512   0.05343    0.3494   0.03783   0.02191   0.06435    0.2303   0.01321
   141/499     1.39G   0.07007    0.3417   0.01514    0.4269       485       512     0.304     0.322   0.03838   0.02196   0.06522    0.2203   0.01355
   142/499     1.39G   0.06878    0.3309   0.01613    0.4158       670       512    0.3038    0.3632   0.03933   0.02227   0.06451     0.275   0.01418
   143/499     1.39G   0.07058    0.3129   0.01495    0.3984       522       512    0.3056    0.3077   0.03893   0.02279   0.06485    0.2409   0.01322
   144/499     1.39G   0.07101     0.321   0.01475    0.4067       799       512    0.3038    0.2966    0.0373   0.02131   0.06567    0.2416   0.01427
   145/499     1.39G   0.06922     0.304   0.01618    0.3894       739       512    0.3046    0.2826   0.03681   0.02154   0.06458    0.2403   0.01417
   146/499     1.39G   0.06841     0.313   0.01641    0.3978       328       512    0.3053    0.3648    0.0417   0.02421   0.06411    0.3052   0.01337
   147/499     1.39G   0.06817    0.3183   0.01719    0.4037       411       512    0.3066    0.3592   0.04086   0.02381   0.06403    0.2628   0.01406
   148/499     1.39G   0.06715     0.317   0.01543    0.3996       375       512    0.3049    0.3482   0.03933   0.02298   0.06395    0.2406   0.01332
   149/499     1.39G   0.06761    0.3086    0.0153    0.3915       423       512    0.3033     0.325   0.03783   0.02201   0.06596    0.2527   0.01333
   150/499     1.39G   0.06893    0.3184   0.01747    0.4048       411       512   0.05239    0.3083   0.03421   0.01957   0.06558    0.2193   0.01576
   151/499     1.39G   0.06846    0.3164   0.01743    0.4023       515       512   0.05416    0.3404   0.03724   0.02137   0.06582    0.2498   0.01381
   152/499     1.39G   0.06734    0.3032   0.01614    0.3867       805       512   0.05373    0.2927   0.03577   0.01999   0.06566    0.2472   0.01478
   153/499     1.39G   0.06996    0.3094     0.017    0.3964       948       512   0.05342    0.3645   0.03903   0.02213   0.06432     0.287   0.01479
   154/499     1.39G   0.07085    0.3243   0.01594    0.4111       271       512    0.3019    0.3411   0.03749   0.02192   0.06486    0.2914   0.01604
   155/499     1.39G   0.06943    0.3278   0.01812    0.4153      2258       512     0.301    0.2893   0.03461   0.02027   0.06465    0.3387   0.02005
   156/499     1.39G   0.06916    0.3249   0.01523    0.4092       701       512    0.3033    0.2936   0.03519   0.02027   0.06548    0.2662   0.01676
   157/499     1.39G   0.06913    0.3335   0.01577    0.4184       721       512    0.3006    0.3307   0.03634    0.0211   0.06637    0.2545     0.014
   158/499     1.39G   0.06888     0.308   0.01492    0.3918       381       512    0.3019    0.3016   0.03662   0.02112   0.06698    0.2434   0.01371
   159/499     1.39G   0.06855    0.2986   0.01457    0.3818       496       512    0.3023    0.3117   0.03652   0.02101   0.06618    0.2529   0.01376
   160/499     1.39G    0.0686    0.3123   0.01473    0.3956       503       512   0.05266    0.3678   0.03731   0.02157   0.06559     0.253   0.01286
   161/499     1.39G   0.06915    0.3206   0.01543    0.4052       304       512   0.05677    0.4034   0.03826   0.02243   0.06502     0.257   0.01318
   162/499     1.39G   0.06757    0.3072   0.01496    0.3898       332       512    0.0531    0.3245   0.03822   0.02253   0.06473    0.2508   0.01309
   163/499     1.39G   0.06773    0.3128    0.0147    0.3952       400       512   0.05867    0.3748   0.03731   0.02233   0.06472     0.242    0.0132
   164/499     1.39G   0.06702    0.3079   0.01481    0.3897       473       512    0.3031    0.3194   0.03791   0.02225    0.0653    0.2835   0.01397
   165/499     1.39G   0.07003    0.3537   0.01376    0.4375       277       512   0.06878    0.3661   0.03633   0.02121   0.06484    0.2492   0.01355
   166/499     1.39G   0.06952    0.3206     0.014    0.4041       722       512   0.05196    0.3528   0.03887   0.02281   0.06501    0.2635   0.01246
   167/499     1.39G   0.06706    0.2946    0.0145    0.3762       197       512   0.05314    0.3305    0.0387   0.02317   0.06462    0.2774   0.01259
   168/499     1.39G   0.06952      0.31   0.01459    0.3941       658       512   0.04977    0.3703   0.03657   0.02131   0.06695    0.2706   0.01324
   169/499     1.39G   0.06694    0.2983   0.01401    0.3793       182       512   0.05088    0.3435   0.03573   0.02056   0.06661    0.2584   0.01353
   170/499     1.39G   0.06843    0.3226    0.0132    0.4043       421       512   0.05079    0.3599   0.03692   0.02134   0.06616    0.2634   0.01313
   171/499     1.39G   0.06825     0.316   0.01321    0.3975       767       512   0.05069    0.3454   0.03589   0.02128   0.06603    0.2478   0.01393
   172/499     1.39G   0.06863    0.3244    0.0135    0.4065       474       512   0.04982    0.3512   0.03581   0.02101   0.06598    0.2594   0.01347
   173/499     1.39G   0.06702    0.2989   0.01226    0.3782       736       512   0.05118    0.3098   0.03613    0.0215    0.0653    0.2687   0.01339
   174/499     1.39G   0.06817    0.3199   0.01301    0.4011       273       512   0.05208    0.4041   0.03576   0.02143   0.06602    0.2269   0.01292
   175/499     1.39G   0.06656     0.299   0.01464    0.3802       499       512   0.05281    0.4199   0.03721   0.02213   0.06605     0.269    0.0125
   176/499     1.39G   0.06801    0.2991   0.01377    0.3808       600       512   0.05214    0.3467   0.03679   0.02094   0.06583    0.2866   0.01331
   177/499     1.39G   0.06541    0.2895   0.01436    0.3693       410       512   0.05051    0.4193   0.03575   0.02051   0.06637    0.2436   0.01244
   178/499     1.39G   0.06858    0.3158   0.01303    0.3974       745       512   0.05109    0.3785   0.03591   0.02108   0.06622    0.2491   0.01352
   179/499     1.39G   0.06659    0.3228   0.01366    0.4031       423       512   0.05459    0.3541   0.03509   0.02049   0.06648    0.2664   0.01343
   180/499     1.39G   0.06665    0.3034   0.01339    0.3834       719       512   0.05116     0.406   0.03566   0.02117   0.06608    0.2719   0.01321
   181/499     1.39G   0.06659    0.2917   0.01282    0.3711       486       512   0.05538    0.3348    0.0357   0.02054   0.06793    0.2581   0.01296
   182/499     1.39G   0.06704    0.3165   0.01256    0.3961       202       512   0.05322    0.3476   0.03427   0.01934   0.06699    0.2561    0.0141
   183/499     1.39G   0.06843    0.3198   0.01172       0.4       224       512   0.04729    0.4267   0.03301   0.01991    0.0669    0.2582    0.0135
   184/499     1.39G   0.06818    0.3141   0.01298    0.3953       239       512   0.05249    0.3801   0.03503    0.0209   0.06571    0.2687    0.0129
   185/499     1.39G   0.06641    0.3199   0.01289    0.3992       383       512   0.05075    0.3882   0.03483   0.02064   0.06562    0.2507   0.01285
   186/499     1.39G   0.06657     0.308   0.01291    0.3875       656       512   0.05281    0.3613   0.03506   0.02059   0.06647    0.2793   0.01361
   187/499     1.39G   0.06607    0.3254   0.01321    0.4047       329       512   0.05199    0.3779   0.03528   0.02064   0.06709    0.2758   0.01296
   188/499     1.39G   0.06717    0.3096   0.01265    0.3894       574       512    0.0506    0.3435   0.03245   0.01898   0.06912    0.2433   0.01316
   189/499     1.39G   0.06851    0.3228   0.01214    0.4035       389       512   0.05239     0.366    0.0346   0.02035   0.06875    0.2642   0.01321
   190/499     1.39G   0.06749    0.3036    0.0126    0.3837       166       512   0.05097    0.3739   0.03375    0.0193   0.06927    0.2738   0.01336
   191/499     1.39G   0.06746    0.3224   0.01234    0.4022       318       512   0.04999    0.3787   0.03383   0.01997   0.06808    0.2626   0.01291
   192/499     1.39G   0.06612    0.3071   0.01347    0.3867       465       512   0.05043    0.3587   0.03357   0.01922   0.06954    0.2588   0.01389
   193/499     1.39G   0.06642    0.3093   0.01376    0.3895       367       512   0.04941    0.3926   0.03395   0.01991     0.067    0.2645   0.01304
   194/499     1.39G    0.0677    0.3182     0.012    0.3979       114       512   0.05195     0.327    0.0326   0.01875   0.06716    0.2785   0.01424
   195/499     1.39G   0.06624     0.288   0.01278     0.367       890       512   0.05092    0.3588   0.03358    0.0197   0.06739    0.2555   0.01305
   196/499     1.39G   0.06657    0.2997    0.0119    0.3782       475       512   0.05229    0.3328   0.03411   0.01985   0.06639    0.2664   0.01379
   197/499     1.39G   0.06686    0.2958   0.01247    0.3751       677       512   0.05181    0.3662    0.0343   0.02052    0.0679    0.2591   0.01311
   198/499     1.39G   0.06658    0.3086   0.01196    0.3871       304       512   0.05137    0.3607   0.03389   0.02001   0.06806    0.2543   0.01313
   199/499     1.39G   0.06621    0.3014   0.01189    0.3795       973       512   0.04973    0.3399   0.03247   0.01893    0.0687    0.2629   0.01354
   200/499     1.39G   0.06654     0.315   0.01324    0.3948       642       512   0.05158    0.3486   0.03366   0.01989   0.06748    0.2817   0.01351
   201/499     1.39G   0.06807    0.3086   0.01175    0.3885       297       512   0.04967    0.3733   0.03391   0.01982   0.06835    0.2657   0.01324
   202/499     1.39G   0.06741    0.3214   0.01183    0.4006       543       512   0.04991    0.3845   0.03413      0.02    0.0685    0.2799   0.01234
   203/499     1.39G   0.06518    0.3002   0.01179    0.3772       248       512     0.049     0.394   0.03265   0.01887   0.06921    0.2709   0.01253
   204/499     1.39G   0.06679    0.3282   0.01037    0.4054       816       512    0.0493    0.3701   0.03269   0.01878   0.06891    0.2661   0.01287
   205/499     1.39G     0.068    0.3121   0.01146    0.3916       533       512    0.0492    0.3481   0.03321   0.01861   0.06959    0.2692   0.01289
   206/499     1.39G   0.06726    0.3212   0.01085    0.3993      1223       512   0.04744    0.4508   0.03322   0.01902      0.07    0.2785   0.01279
   207/499     1.39G   0.06535    0.2957   0.01182    0.3729       169       512   0.04773    0.4143   0.03306    0.0192   0.06895      0.28   0.01288
   208/499     1.39G   0.06653    0.2994   0.01135    0.3773       544       512    0.0476    0.3494   0.03041   0.01768   0.06984    0.2642   0.01323
   209/499     1.39G   0.06606    0.3036   0.01173    0.3814       621       512   0.04827    0.3574   0.03111   0.01763   0.07008    0.2722    0.0139
   210/499     1.39G    0.0678    0.3055   0.01132    0.3846       809       512   0.04624    0.3787   0.03056    0.0176   0.07087    0.2728   0.01295
   211/499     1.39G   0.06593     0.291   0.01102    0.3679       630       512   0.04665    0.4124   0.03172   0.01781   0.07099    0.2716   0.01256
   212/499     1.39G   0.06536    0.2784    0.0119    0.3556       326       512   0.04644    0.3549   0.03077   0.01789    0.0709    0.2755    0.0128
   213/499     1.39G   0.06629    0.3257   0.01144    0.4034       842       512    0.0436    0.4081   0.02927   0.01692   0.07208    0.2566   0.01313
   214/499     1.39G   0.06535    0.2995   0.01111     0.376       285       512   0.04608    0.3818   0.02965   0.01687   0.07124    0.2601   0.01298
   215/499     1.39G   0.06515    0.2979   0.01048    0.3736       420       512   0.04828    0.3373    0.0306   0.01731   0.07079    0.2939    0.0127
   216/499     1.39G   0.06581    0.2913   0.01139    0.3685       628       512   0.04675    0.4037   0.03071   0.01747   0.07191    0.2673   0.01346
   217/499     1.39G   0.06547    0.2766   0.01108    0.3531       220       512   0.04844    0.3471   0.03105   0.01805   0.07051    0.2662   0.01324
   218/499     1.39G   0.06548    0.2863   0.01064    0.3625       657       512   0.04879    0.3568   0.03174   0.01826   0.06977    0.3005   0.01347
   219/499     1.39G   0.06494    0.2768   0.01153    0.3533       587       512    0.0496    0.3994   0.03289   0.01916   0.06894    0.3029    0.0129
   220/499     1.39G   0.06752    0.3008   0.01057    0.3789      1029       512   0.04638    0.3869   0.03051    0.0174   0.07113    0.2705   0.01332
   221/499     1.39G   0.06454    0.2837    0.0113    0.3596       556       512   0.04732    0.3653   0.02994   0.01718   0.07022    0.2891   0.01322
   222/499     1.39G   0.06587    0.3281   0.01072    0.4047       388       512   0.04638    0.3426   0.02937   0.01646    0.0718    0.2971   0.01313
   223/499     1.39G   0.06734    0.2892   0.01098    0.3675       789       512   0.04503    0.3603   0.02911   0.01673   0.07116    0.2786   0.01315
   224/499     1.39G   0.06737    0.2944    0.0106    0.3723       655       512   0.04671    0.3676   0.03032   0.01772   0.07168    0.2798   0.01356
   225/499     1.39G   0.06552    0.2833   0.01089    0.3598       289       512   0.04657    0.3327   0.02894   0.01639   0.07294    0.2899   0.01407
   226/499     1.39G   0.06476    0.2801   0.01073    0.3556       683       512   0.04584    0.3474   0.02885   0.01643   0.07295    0.2875   0.01375
   227/499     1.39G    0.0658    0.2956   0.01019    0.3716       546       512   0.04543    0.3794   0.02901   0.01684   0.07239     0.287   0.01329
   228/499     1.39G   0.06587    0.2995   0.01054    0.3759       430       512    0.0452    0.3762   0.02942   0.01741   0.07193     0.297    0.0128
   229/499     1.39G   0.06325    0.2845   0.01089    0.3586       516       512   0.04634    0.3911   0.03021   0.01755   0.07215    0.2943   0.01261
   230/499     1.39G   0.06573    0.3029   0.01118    0.3798       431       512   0.04796    0.3587   0.03177   0.01848   0.07056     0.292    0.0125
   231/499     1.39G   0.06669    0.2983   0.01039    0.3754       342       512    0.0458    0.3847   0.03057   0.01796   0.07006    0.2818   0.01259
   232/499     1.39G   0.06402     0.269    0.0124    0.3455       397       512   0.04436     0.344    0.0286   0.01617   0.07326    0.2718   0.01313
   233/499     1.39G   0.06525    0.2963   0.01111    0.3726       328       512   0.04513    0.3852   0.02891   0.01644   0.07373    0.2717    0.0128
   234/499     1.39G   0.06532    0.2914  0.009473    0.3662       920       512   0.04529    0.4095   0.02901   0.01656   0.07335    0.2748   0.01269
   235/499     1.39G   0.06596    0.3154   0.01024    0.3916       336       512   0.04562    0.3477   0.02987   0.01719   0.07374    0.3005   0.01262
   236/499     1.39G   0.06569    0.3058   0.01023    0.3817       525       512   0.04436    0.3239   0.02695   0.01543   0.07354    0.2743    0.0132
   237/499     1.39G   0.06462    0.2885   0.01089    0.3641       307       512   0.04554    0.3379   0.02774   0.01594   0.07405    0.2736   0.01392
   238/499     1.39G   0.06377    0.2814   0.01128    0.3565      1044       512   0.04401    0.3598    0.0273   0.01562   0.07493    0.2943   0.01332
   239/499     1.39G   0.06461    0.2958   0.01051    0.3709       378       512   0.04532    0.3229    0.0278   0.01587   0.07432    0.2935   0.01323
   240/499     1.39G   0.06665    0.2862  0.009857    0.3627       301       512    0.0439    0.3179   0.02679   0.01495   0.07566    0.2772   0.01395
   241/499     1.39G   0.06525    0.2989   0.01052    0.3746       244       512    0.0437    0.3599   0.02801   0.01602   0.07464    0.2898   0.01348
   242/499     1.39G   0.06412    0.2681   0.01018    0.3424       323       512   0.04268    0.3255   0.02575   0.01459   0.07568    0.2989   0.01339
   243/499     1.39G   0.06326    0.2737   0.01095    0.3479       164       512   0.04393    0.3094   0.02585    0.0144   0.07625    0.2935    0.0134
   244/499     1.39G   0.06223    0.2968   0.01066    0.3697       341       512   0.04437    0.3026   0.02618   0.01474   0.07551    0.2993    0.0137
   245/499     1.39G   0.06425    0.2784  0.009495    0.3522       304       512   0.04468    0.3232   0.02648   0.01514   0.07579    0.3089    0.0139
   246/499     1.39G   0.06151    0.2498   0.01121    0.3226       383       512   0.04421    0.3637   0.02678    0.0153   0.07557    0.3114   0.01341
   247/499     1.39G   0.06446    0.2876  0.009803    0.3619       718       512    0.0425    0.3939   0.02682   0.01516   0.07508     0.298   0.01339
   248/499     1.39G   0.06397    0.2977   0.01042    0.3721       458       512   0.04369    0.3852   0.02735   0.01548   0.07463    0.3187   0.01306
   249/499     1.39G   0.06469    0.2809   0.01057    0.3562       360       512   0.04496    0.3668   0.02804   0.01558    0.0738    0.3111   0.01324
   250/499     1.39G   0.06539    0.2924  0.009897    0.3677       792       512   0.04289    0.3605    0.0264   0.01483   0.07632    0.2874   0.01271
   251/499     1.39G    0.0666    0.3297  0.008692     0.405       495       512   0.04331    0.3348   0.02688     0.015   0.07517    0.3028   0.01256
   252/499     1.39G   0.06241     0.281   0.01079    0.3542       514       512    0.0442    0.3431   0.02701   0.01559   0.07473    0.2996   0.01272
   253/499     1.39G   0.06442    0.2714   0.00956    0.3454       436       512   0.04159    0.3165   0.02559   0.01471   0.07703    0.2934   0.01368
   254/499     1.39G   0.06181    0.2714   0.01018    0.3434       368       512    0.0409    0.3093   0.02506   0.01448   0.07591    0.2934   0.01376
   255/499     1.39G   0.06486    0.2811   0.00909    0.3551      1068       512   0.04005    0.3744   0.02488   0.01438   0.07734    0.3054   0.01321
   256/499     1.39G   0.06536     0.286   0.01003    0.3614       352       512   0.04128    0.3309   0.02496   0.01428   0.07713    0.2952   0.01319
   257/499     1.39G    0.0647    0.2802   0.01039    0.3553       491       512   0.04202    0.3508   0.02578   0.01444   0.07687    0.3028   0.01302
   258/499     1.39G   0.06293    0.2841  0.009754    0.3568       890       512   0.04255    0.3364    0.0248   0.01408   0.07582    0.2981   0.01286
   259/499     1.39G   0.06576    0.3203  0.009653    0.3957       595       512   0.04228    0.3369   0.02523   0.01456   0.07638    0.3149   0.01326
   260/499     1.39G   0.06427      0.28   0.01014    0.3544       522       512   0.04105    0.3361   0.02462   0.01402   0.07622    0.3022    0.0132
   261/499     1.39G   0.06265    0.2603   0.01001    0.3329       227       512   0.04046    0.3114   0.02343   0.01332   0.07763    0.3056   0.01384
   262/499     1.39G   0.06573    0.2975  0.009991    0.3732       175       512   0.03938    0.3555   0.02338   0.01324   0.07797    0.3041    0.0133
   263/499     1.39G   0.06431    0.2796  0.009396    0.3533       644       512   0.03918    0.3391   0.02285   0.01258    0.0791    0.3013   0.01352
   264/499     1.39G    0.0657    0.2761   0.01094    0.3527       444       512   0.03967     0.313   0.02308   0.01299   0.07809    0.2921   0.01344
   265/499     1.39G   0.06207    0.2764   0.01032    0.3487       397       512   0.03973    0.3751   0.02438   0.01389   0.07782    0.2989   0.01363
   266/499     1.39G   0.06181     0.278   0.01005    0.3498       180       512   0.04015    0.3778    0.0242   0.01356   0.07744    0.3149   0.01367
   267/499     1.39G    0.0624    0.2837   0.00932    0.3554       442       512   0.03953    0.3681   0.02444   0.01391    0.0781    0.3072   0.01371
   268/499     1.39G   0.06219    0.2924  0.009573    0.3642       278       512   0.04017    0.3347   0.02376   0.01355   0.07808    0.3217   0.01325
   269/499     1.39G   0.06318     0.277  0.009276    0.3495       856       512    0.0392     0.335   0.02373    0.0136   0.07809    0.3111   0.01301
   270/499     1.39G   0.06238    0.2797  0.009356    0.3514       552       512   0.03967    0.3263   0.02403    0.0135   0.07802    0.3101   0.01319
   271/499     1.39G    0.0639    0.2779  0.009782    0.3516      1051       512   0.03933    0.3303   0.02396   0.01333   0.07809    0.3075   0.01325
   272/499     1.39G    0.0633     0.291  0.009487    0.3638       447       512   0.03883    0.3845   0.02362   0.01335   0.07714    0.2948   0.01363
   273/499     1.39G   0.06223    0.2577   0.00972    0.3296       362       512   0.03826    0.3278   0.02264   0.01298   0.07805    0.3025   0.01313
   274/499     1.39G   0.06409    0.2672  0.009497    0.3408      1174       512   0.03926    0.3108   0.02344   0.01335   0.07957    0.3047   0.01302
   275/499     1.39G   0.06173    0.2733  0.009859    0.3449       291       512   0.03889    0.2866   0.02321   0.01332   0.07888    0.3192   0.01331
   276/499     1.39G   0.06305    0.2882    0.0102    0.3614       412       512   0.03879    0.3067   0.02323   0.01336   0.07744    0.3146   0.01334
   277/499     1.39G   0.06392    0.2802  0.009307    0.3534       413       512   0.03756    0.3528   0.02285   0.01316   0.07923    0.3135   0.01421
   278/499     1.39G   0.06464    0.2793   0.00953    0.3535       765       512   0.03921    0.3253   0.02326   0.01332   0.07877    0.3126   0.01389
   279/499     1.39G   0.06454    0.2798  0.008696    0.3531       989       512   0.03933    0.3116   0.02258   0.01273   0.07935    0.3055   0.01371
   280/499     1.39G   0.06346    0.2757  0.008968    0.3482       183       512   0.03838    0.3084   0.02152   0.01215   0.07968    0.3066   0.01352
   281/499     1.39G   0.06313    0.2589  0.009052    0.3311       927       512   0.03794    0.3129   0.02177   0.01236   0.07898    0.3063   0.01434
   282/499     1.39G     0.063    0.2754  0.009275    0.3477       318       512    0.0385    0.3058   0.02252   0.01272   0.07944    0.3121   0.01338
   283/499     1.39G   0.06223    0.2708  0.009395    0.3425       453       512   0.03728    0.3677   0.02199   0.01232   0.08031    0.3169    0.0135
   284/499     1.39G   0.06217    0.2861  0.009109    0.3574      1327       512   0.03733    0.3636   0.02137   0.01197   0.08057     0.315   0.01356
   285/499     1.39G   0.06377    0.2898  0.008762    0.3623       545       512    0.0378    0.2935   0.02124    0.0119   0.08081    0.3304   0.01324
   286/499     1.39G   0.06159    0.2703  0.009733    0.3417       373       512   0.03639    0.2808   0.01991   0.01137   0.08128    0.3167   0.01322
   287/499     1.39G   0.06497    0.2766  0.009928    0.3515      1029       512   0.03574    0.3552   0.02044   0.01149   0.07749    0.2867   0.01437
   288/499     1.39G   0.06647    0.2752   0.01123    0.3529       607       512   0.03589    0.3016   0.01974   0.01124   0.07966    0.2882   0.01376
   289/499     1.39G    0.0622    0.2854   0.01002    0.3577       788       512    0.0375    0.3341   0.02145   0.01205   0.07987    0.3102   0.01363
   290/499     1.39G   0.06109    0.2733  0.009861    0.3442       373       512   0.03874    0.2957   0.02259   0.01255   0.07861    0.3192   0.01384
   291/499     1.39G   0.06387    0.2949  0.009288    0.3681       687       512   0.03919    0.3324   0.02243   0.01229   0.07856    0.3081   0.01384
   292/499     1.39G   0.06031    0.2792  0.009514     0.349       437       512   0.03808    0.3562   0.02196   0.01219   0.08022    0.3082   0.01332
   293/499     1.39G   0.06226    0.2686  0.009446    0.3403      1206       512   0.03706    0.3275   0.02164   0.01232   0.08028    0.3228   0.01372
   294/499     1.39G   0.06185    0.2561   0.01053    0.3285       217       512   0.03796    0.3469   0.02249    0.0127   0.07965    0.3277   0.01373
   295/499     1.39G   0.06004    0.2521   0.01037    0.3225       696       512    0.0374    0.2862    0.0211   0.01197   0.08116    0.3316   0.01335
   296/499     1.39G   0.06416    0.2707  0.009092    0.3439       254       512    0.0376    0.3682   0.02201   0.01229   0.08078    0.3181   0.01364
   297/499     1.39G   0.06405    0.2704  0.008248    0.3427       339       512     0.037    0.3404   0.02106   0.01195   0.08015    0.3075   0.01342
   298/499     1.39G   0.06108    0.2655  0.009391     0.336       307       512   0.03694    0.2829    0.0207   0.01164   0.08146    0.3266   0.01357
   299/499     1.39G   0.06215    0.2639  0.009372    0.3354       583       512   0.03715    0.3035   0.02011    0.0115   0.08183    0.3358   0.01338
   300/499     1.39G   0.06438     0.284  0.007962    0.3563       671       512   0.03533    0.2866   0.01919   0.01076   0.08279    0.3158    0.0138
   301/499     1.39G   0.06188    0.2688  0.009117    0.3398       511       512   0.03612    0.3247   0.01955   0.01092    0.0814    0.3231   0.01387
   302/499     1.39G   0.06226    0.2645  0.008856    0.3357       686       512    0.0353    0.3381   0.01915   0.01046   0.08208      0.33   0.01381
   303/499     1.39G   0.06135    0.2767  0.008826    0.3469       304       512   0.03471    0.3103   0.01875   0.01013   0.08277    0.3302    0.0136
   304/499     1.39G   0.06312    0.2578  0.008964    0.3299       378       512   0.03463    0.3289   0.01848   0.01003   0.08205    0.3242   0.01369
   305/499     1.39G   0.06196    0.2585  0.008971    0.3294       583       512   0.03496    0.3361   0.01887   0.01056   0.08229    0.3223   0.01324
   306/499     1.39G   0.06113     0.261  0.008693    0.3308       482       512    0.0344    0.3366   0.01888   0.01061   0.08301    0.3225   0.01347
   307/499     1.39G    0.0627    0.2761  0.008502    0.3473       329       512   0.03408     0.316   0.01874   0.01055   0.08257    0.3265   0.01352
   308/499     1.39G   0.06011     0.254  0.009496    0.3236       431       512    0.0341    0.2893   0.01846   0.01022   0.08256    0.3321   0.01359
   309/499     1.39G   0.06043    0.2564  0.008476    0.3253       255       512   0.03305    0.3424   0.01805  0.009768   0.08256    0.3324   0.01347
   310/499     1.39G     0.062    0.2615  0.008256    0.3317       792       512   0.03348    0.2981   0.01758  0.009387   0.08337    0.3317   0.01332
   311/499     1.39G   0.06138    0.2736  0.008305    0.3433       624       512    0.0335    0.2943   0.01766  0.009671   0.08289    0.3285    0.0132
   312/499     1.39G   0.06238     0.267  0.008914    0.3383       336       512   0.03391    0.2867   0.01784  0.009762   0.08258     0.328   0.01327
   313/499     1.39G   0.06235    0.2584   0.00894    0.3297       507       512   0.03498    0.2772   0.01857    0.0102    0.0825    0.3316   0.01405
   314/499     1.39G   0.06392    0.2704  0.009168    0.3435       706       512   0.03454    0.3206   0.01873   0.01033   0.08317    0.3369   0.01393
   315/499     1.39G   0.06005    0.2463  0.008649     0.315       408       512   0.03442    0.3126   0.01849   0.01017   0.08315    0.3392    0.0141
   316/499     1.39G   0.06074    0.2685  0.008453    0.3377       360       512   0.03425     0.289   0.01831   0.01001   0.08307    0.3409   0.01389
   317/499     1.39G   0.05891    0.2353  0.008796    0.3031       251       512   0.03462    0.2794   0.01813  0.009731   0.08329    0.3402   0.01414
   318/499     1.39G   0.06007    0.2494  0.008672    0.3182       628       512   0.03451    0.2901   0.01805  0.009642   0.08408    0.3407   0.01399
   319/499     1.39G   0.06367    0.2847  0.008051    0.3564       562       512   0.03373    0.2887   0.01793  0.009702   0.08422    0.3379   0.01388
   320/499     1.39G   0.06284     0.276  0.008491    0.3473       634       512   0.03292    0.3203   0.01756  0.009431   0.08443    0.3312   0.01397
   321/499     1.39G   0.06064    0.2551  0.009949    0.3256       504       512   0.03388    0.3017   0.01826  0.009856   0.08322    0.3333   0.01413
   322/499     1.39G   0.06291    0.2889  0.008972    0.3608       312       512   0.03319    0.2892   0.01697  0.008963     0.083    0.3223   0.01388
   323/499     1.39G   0.05951    0.2444   0.00965    0.3136       405       512   0.03479    0.2737   0.01807  0.009859   0.08356    0.3423   0.01407
   324/499     1.39G   0.06218    0.2826  0.008093    0.3528      1165       512   0.03539    0.2857   0.01822   0.01001   0.08376    0.3458   0.01399
   325/499     1.39G   0.05992    0.2341  0.008719    0.3028       407       512   0.03435    0.3068    0.0174  0.009552   0.08447      0.34   0.01426
   326/499     1.39G   0.06343    0.2769  0.008031    0.3483       825       512   0.03371    0.3054   0.01767   0.00968   0.08417    0.3381   0.01399
   327/499     1.39G   0.05902    0.2451  0.009112    0.3132       542       512   0.03454    0.2973   0.01776  0.009806   0.08402    0.3407   0.01376
   328/499     1.39G   0.06166     0.268  0.008482    0.3381       790       512   0.03519    0.2752   0.01778   0.00982   0.08406    0.3407   0.01417
   329/499     1.39G   0.06148    0.2575  0.008269    0.3273       547       512    0.0336    0.2991   0.01756  0.009615   0.08442    0.3282   0.01428
   330/499     1.39G   0.06223     0.264  0.007868    0.3341       947       512   0.03367    0.2845   0.01734  0.009542   0.08441    0.3259   0.01428
   331/499     1.39G   0.05992    0.2631  0.008007     0.331       475       512   0.03278    0.2949   0.01647  0.009034   0.08459    0.3404    0.0137
   332/499     1.39G   0.06101    0.2689   0.00809     0.338       603       512   0.03271    0.2758   0.01622  0.008803   0.08518    0.3373   0.01384
   333/499     1.39G   0.06155    0.2635  0.007422    0.3324       333       512    0.0338    0.3016   0.01718  0.009356    0.0854    0.3432   0.01397
   334/499     1.39G   0.06197    0.2652  0.007792     0.335       261       512   0.03358    0.2882   0.01664  0.009089   0.08553    0.3469   0.01404
   335/499     1.39G    0.0597     0.266  0.008891    0.3346       250       512   0.03246     0.288   0.01589  0.008719   0.08557    0.3415   0.01431
   336/499     1.39G   0.06002     0.241  0.008584    0.3096       212       512   0.03143    0.2858   0.01589  0.008659   0.08539    0.3393   0.01394
   337/499     1.39G   0.06173    0.2773  0.007725    0.3468      1306       512   0.03224      0.28   0.01661  0.009147   0.08539    0.3467   0.01403
   338/499     1.39G   0.05948    0.2622   0.00925    0.3309       249       512   0.03303    0.2627   0.01654   0.00921   0.08581    0.3452   0.01407
   339/499     1.39G   0.06015    0.2401  0.007758     0.308       523       512   0.03216    0.2644   0.01606  0.008737   0.08545    0.3453   0.01403
   340/499     1.39G    0.0605    0.2393  0.007626    0.3074       325       512   0.03122    0.2757   0.01538  0.008257   0.08615    0.3394   0.01425
   341/499     1.39G   0.06072    0.2633  0.008074    0.3321       728       512   0.03112    0.2935   0.01552  0.008317   0.08629    0.3428   0.01401
   342/499     1.39G   0.05992    0.2465  0.008059    0.3145       233       512    0.0314    0.2902   0.01557  0.008308   0.08668    0.3463   0.01382
   343/499     1.39G   0.05947    0.2563  0.008122    0.3238       435       512   0.03077    0.2883   0.01549  0.008345   0.08726    0.3457   0.01401
   344/499     1.39G   0.06037    0.2344  0.007821    0.3026       921       512   0.03004    0.2861   0.01451   0.00775   0.08751    0.3446   0.01407
   345/499     1.39G   0.06131     0.277  0.007562    0.3459       933       512   0.03032    0.2697   0.01484  0.008081   0.08715    0.3499   0.01406
   346/499     1.39G   0.06249     0.255  0.007875    0.3253       354       512   0.03131    0.2705   0.01505  0.008313   0.08697    0.3473   0.01387
   347/499     1.39G   0.06095     0.257   0.00804     0.326       535       512   0.03027    0.2429   0.01427  0.007905   0.08739    0.3421   0.01389
   348/499     1.39G    0.0597     0.258  0.008308     0.326       552       512   0.03136    0.2603   0.01503  0.008237   0.08691    0.3498   0.01423
   349/499     1.39G   0.06129    0.2529  0.007683    0.3219       874       512   0.03181     0.257   0.01571  0.008514   0.08708     0.356   0.01435
   350/499     1.39G    0.0607    0.2503  0.007941    0.3189       508       512   0.03082    0.2529   0.01476  0.007911   0.08845    0.3475   0.01432
   351/499     1.39G   0.05967    0.2428  0.007864    0.3104       530       512   0.03028    0.2968   0.01484  0.008082   0.08748    0.3447   0.01408
   352/499     1.39G   0.05974    0.2346  0.007563    0.3019       731       512   0.03014     0.277   0.01463  0.007946   0.08776    0.3557   0.01396
   353/499     1.39G   0.05898    0.2241  0.008437    0.2915       909       512   0.02966    0.2983   0.01447  0.007751   0.08795     0.357   0.01386
   354/499     1.39G   0.06097    0.2649  0.008006    0.3339       570       512   0.02968    0.2656   0.01421   0.00754   0.08793    0.3444   0.01397
   355/499     1.39G   0.06021    0.2733  0.008595    0.3421       381       512   0.02926     0.302   0.01411  0.007585   0.08858    0.3472   0.01385
   356/499     1.39G   0.05901    0.2392   0.00757    0.3058       683       512   0.02971    0.3041   0.01449  0.007707   0.08785    0.3517   0.01406
   357/499     1.39G   0.06174     0.262  0.008221     0.332       231       512   0.03055    0.2664   0.01452  0.007793   0.08721     0.352   0.01416
   358/499     1.39G   0.06085     0.267  0.007736    0.3356       262       512   0.03056    0.2723    0.0149  0.008112   0.08646    0.3568   0.01411
   359/499     1.39G    0.0595    0.2471  0.007281    0.3139       717       512    0.0312    0.2632   0.01479  0.007922   0.08696    0.3559   0.01415
   360/499     1.39G   0.06148    0.2656  0.007137    0.3342       721       512   0.03015    0.2771   0.01433  0.007569   0.08753    0.3526   0.01407
   361/499     1.39G   0.06154    0.2637  0.007428    0.3327       331       512   0.02922    0.2589   0.01415  0.007348   0.08802    0.3476   0.01393
   362/499     1.39G   0.05787    0.2276   0.00776    0.2932       807       512    0.0292    0.2476   0.01353  0.007139   0.08882     0.349   0.01415
   363/499     1.39G   0.06154    0.2502  0.007705    0.3195       310       512   0.02957    0.2606   0.01421  0.007532   0.08758    0.3546   0.01447
   364/499     1.39G   0.05923    0.2652  0.008078    0.3325       489       512   0.03029    0.2553   0.01471  0.007884   0.08748    0.3543   0.01414
   365/499     1.39G   0.05972    0.2735  0.007152    0.3404      1158       512   0.02969    0.2387   0.01399  0.007313   0.08791    0.3508   0.01409
   366/499     1.39G   0.06054    0.2805  0.007653    0.3487      1067       512   0.02952    0.2457   0.01415  0.007541   0.08791    0.3558   0.01434
   367/499     1.39G   0.05883    0.2327  0.007956    0.2995       319       512   0.03002    0.3056   0.01451  0.007849   0.08757    0.3595   0.01415
   368/499     1.39G   0.06269    0.2884  0.007343    0.3584       424       512   0.02953    0.2717   0.01374  0.007417   0.08856    0.3486   0.01412
   369/499     1.39G   0.05886    0.2452  0.008128    0.3122       517       512   0.02824    0.2793   0.01294  0.006863   0.08883    0.3496   0.01399
   370/499     1.39G   0.05901     0.258  0.007329    0.3244      1442       512   0.02838    0.2831   0.01274  0.006661   0.08884    0.3519   0.01396
   371/499     1.39G    0.0591    0.2337  0.007359    0.3001       348       512   0.02819    0.2693   0.01282  0.006741   0.08943    0.3532   0.01401
   372/499     1.39G   0.05824    0.2512  0.008115    0.3175       373       512   0.02738    0.2804   0.01235  0.006483   0.09003     0.356   0.01425
   373/499     1.39G   0.05788    0.2223  0.007424    0.2876       946       512   0.02797    0.2329   0.01223   0.00636   0.09005    0.3577   0.01419
   374/499     1.39G   0.05757    0.2337  0.007963    0.2993       357       512   0.02728     0.251   0.01179  0.006178   0.08977    0.3552   0.01418
   375/499     1.39G   0.05839    0.2382  0.007893    0.3045       560       512   0.02764     0.261   0.01193  0.006336   0.08982    0.3573   0.01463
   376/499     1.39G    0.0602    0.2453  0.007604    0.3131       512       512   0.02654    0.2708   0.01156  0.006119   0.09037     0.356   0.01477
   377/499     1.39G   0.05909     0.236  0.008008    0.3031       379       512     0.028    0.2931   0.01288   0.00684   0.08949    0.3581   0.01462
   378/499     1.39G   0.05973      0.25  0.007454    0.3172       859       512   0.02863    0.2442   0.01248  0.006615   0.08902    0.3598   0.01421
   379/499     1.39G   0.05977    0.2765  0.007113    0.3434      1307       512   0.02916    0.2667   0.01322  0.007041   0.08831    0.3614   0.01413
   380/499     1.39G   0.05715    0.2392   0.00817    0.3045       126       512   0.02823    0.2611   0.01253  0.006662   0.08936    0.3649   0.01441
   381/499     1.39G   0.05889    0.2381  0.007501    0.3045       362       512   0.02855    0.2668   0.01324  0.007012    0.0894    0.3643   0.01467
   382/499     1.39G   0.05849     0.234  0.007235    0.2997       255       512   0.02837    0.2561    0.0129   0.00671    0.0896    0.3611   0.01448
   383/499     1.39G   0.05941    0.2344  0.007336    0.3011       517       512   0.02759    0.2625   0.01257  0.006636   0.08943    0.3613   0.01436
   384/499     1.39G   0.05899    0.2368  0.007237     0.303       282       512   0.02764    0.2758   0.01267  0.006776   0.08929    0.3624   0.01437
   385/499     1.39G   0.05765    0.2284  0.007479    0.2935       901       512   0.02753    0.2744   0.01266  0.006774   0.08964    0.3663   0.01431
   386/499     1.39G    0.0606    0.2554  0.006636    0.3226      1801       512   0.02659    0.2891   0.01206  0.006573   0.08981    0.3636   0.01432
   387/499     1.39G   0.05854    0.2442  0.007336      0.31       429       512   0.02757    0.2695   0.01276  0.006807   0.08895    0.3664    0.0142
   388/499     1.39G   0.05943    0.2562  0.007101    0.3227       643       512   0.02765    0.2683   0.01231  0.006379    0.0892    0.3618   0.01436
   389/499     1.39G   0.05995    0.2545   0.00741    0.3219       711       512   0.02669     0.274   0.01154  0.006123   0.08997    0.3646   0.01427
   390/499     1.39G   0.06073    0.2549   0.00727    0.3229       373       512   0.02716    0.2727   0.01165  0.006073   0.08992      0.37   0.01416
   391/499     1.39G   0.05823    0.2245  0.007639    0.2903       324       512   0.02718    0.2611    0.0119  0.006268    0.0901    0.3625   0.01435
   392/499     1.39G   0.05908    0.2531  0.007398    0.3195       408       512   0.02664    0.2563   0.01159  0.006112   0.09089    0.3589   0.01442
   393/499     1.39G   0.05898    0.2616  0.007695    0.3282       495       512   0.02657    0.2749   0.01185  0.006297    0.0902    0.3615   0.01426
   394/499     1.39G    0.0601    0.2453  0.006662    0.3121      1367       512   0.02591    0.2579   0.01135   0.00612   0.09047    0.3643   0.01452
   395/499     1.39G   0.05749    0.2323  0.007325    0.2971       915       512   0.02581    0.2652   0.01115  0.005849   0.09068    0.3679   0.01454
   396/499     1.39G   0.06006    0.2462  0.007564    0.3138       382       512   0.02753    0.2558    0.0122  0.006313   0.09057    0.3686   0.01468
   397/499     1.39G   0.05852    0.2358  0.007268    0.3016       673       512   0.02757    0.2757   0.01186  0.006323   0.09107    0.3764   0.01451
   398/499     1.39G   0.05767    0.2333  0.007324    0.2983       407       512   0.02723    0.2668   0.01184  0.006239   0.09083     0.372   0.01448
   399/499     1.39G      0.06    0.2635  0.007103    0.3306       795       512   0.02665     0.259   0.01152   0.00612   0.09111    0.3697   0.01447
   400/499     1.39G   0.05888    0.2517  0.006894    0.3175       541       512    0.0271    0.2821   0.01183  0.006271    0.0904    0.3685   0.01443
   401/499     1.39G   0.06052     0.247  0.007721    0.3152       269       512   0.02715     0.271   0.01165  0.006141   0.09031    0.3634   0.01424
   402/499     1.39G   0.05725    0.2323  0.007762    0.2973       344       512   0.02639    0.2503   0.01107  0.005708   0.09118    0.3647   0.01415
   403/499     1.39G   0.05702    0.2365   0.00647       0.3       461       512   0.02661    0.2469   0.01103  0.005726   0.09147    0.3699   0.01444
   404/499     1.39G   0.06084    0.2563  0.006241    0.3234       537       512   0.02622     0.259   0.01079  0.005617   0.09211    0.3742   0.01427
   405/499     1.39G   0.05844    0.2372  0.007363     0.303       373       512   0.02632    0.2346   0.01089  0.005599   0.09179    0.3702   0.01461
   406/499     1.39G   0.05979     0.265  0.007089    0.3319       519       512   0.02599    0.2417    0.0108  0.005529   0.09157     0.368   0.01446
   407/499     1.39G   0.05716    0.2386  0.006772    0.3026       663       512   0.02586    0.2264   0.01069  0.005298   0.09124    0.3716   0.01471
   408/499     1.39G   0.05992     0.244   0.00692    0.3109       546       512   0.02439    0.2399  0.009899  0.004967   0.09189    0.3688   0.01469
   409/499     1.39G   0.05911    0.2538  0.007463    0.3203       971       512   0.02495     0.228   0.01024  0.005088    0.0918    0.3688   0.01483
   410/499     1.39G   0.06001    0.2419  0.006636    0.3085       764       512   0.02532    0.2217   0.01047  0.005237    0.0916    0.3698   0.01488
   411/499     1.39G   0.06066    0.2538  0.006728    0.3212       541       512   0.02586     0.226   0.01074  0.005412   0.09165    0.3762   0.01472
   412/499     1.39G   0.05884    0.2378  0.006878    0.3035       598       512   0.02668    0.2408   0.01155  0.005886   0.09079    0.3729   0.01453
   413/499     1.39G   0.05867    0.2485  0.006984    0.3141       472       512   0.02545    0.2358   0.01062  0.005407   0.09137      0.37   0.01448
   414/499     1.39G   0.05801    0.2417  0.006684    0.3064       486       512   0.02511    0.2469   0.01045  0.005364    0.0918     0.371   0.01452
   415/499     1.39G   0.05911    0.2497  0.006362    0.3152       631       512   0.02538    0.2583   0.01052  0.005378   0.09168    0.3709   0.01445
   416/499     1.39G   0.05649    0.2291  0.006637    0.2923        88       512   0.02511    0.2583   0.01048   0.00534    0.0917    0.3716    0.0144
   417/499     1.39G   0.05805    0.2342  0.007062    0.2993       925       512   0.02433    0.2461   0.01023  0.005217   0.09164    0.3759   0.01448
   418/499     1.39G   0.06025    0.2521  0.007169    0.3195       572       512   0.02465    0.2267   0.01026  0.005266   0.09129    0.3719   0.01452
   419/499     1.39G   0.05751     0.236  0.007129    0.3006       533       512   0.02443    0.2677   0.01051  0.005346   0.09091    0.3777   0.01446
   420/499     1.39G   0.05734    0.2373  0.007222    0.3019       327       512   0.02547    0.2351   0.01103  0.005582   0.09061    0.3831   0.01445
   421/499     1.39G   0.05899    0.2483  0.007352    0.3146       481       512     0.024    0.2583  0.009758  0.004963   0.09135    0.3788    0.0144
   422/499     1.39G   0.05594    0.2126  0.006994    0.2755       211       512     0.024    0.2607  0.009702   0.00486   0.09166    0.3775   0.01447
   423/499     1.39G   0.05931    0.2678  0.006346    0.3335       508       512   0.02379    0.2343  0.009467   0.00477   0.09173     0.372    0.0145
   424/499     1.39G    0.0589    0.2522  0.006858     0.318       565       512   0.02441    0.2516   0.01002  0.004989   0.09068    0.3738   0.01451
   425/499     1.39G   0.06023    0.2473  0.006632    0.3142       465       512   0.02403    0.2508  0.009956   0.00497    0.0906    0.3743   0.01443
   426/499     1.39G   0.06082    0.2577  0.006637    0.3251       309       512   0.02444    0.2464   0.01011  0.005157   0.09176    0.3752   0.01456
   427/499     1.39G   0.06057    0.2406  0.006022    0.3072       494       512   0.02529    0.2509   0.01049  0.005442   0.09207    0.3741   0.01455
   428/499     1.39G   0.05617    0.2142    0.0074    0.2778       376       512   0.02504    0.2489   0.01035  0.005372   0.09164    0.3755   0.01471
   429/499     1.39G   0.05898    0.2541  0.006342    0.3194       315       512   0.02461    0.2413  0.009866  0.005084   0.09198    0.3761   0.01473
   430/499     1.39G   0.05705    0.2349  0.007183    0.2991       518       512   0.02473    0.2497   0.01004  0.005221   0.09252     0.379   0.01471
   431/499     1.39G   0.05775     0.243  0.005822    0.3066       303       512   0.02413    0.2523  0.009824  0.005073   0.09287    0.3786   0.01471
   432/499     1.39G   0.05802    0.2408  0.007035    0.3058       622       512   0.02417    0.2568  0.009842  0.005011   0.09285    0.3816   0.01469
   433/499     1.39G   0.05808    0.2719  0.006944    0.3369       700       512   0.02403    0.2549  0.009868  0.004948    0.0929    0.3743   0.01479
   434/499     1.39G   0.05728    0.2338  0.007229    0.2984      1141       512   0.02467     0.255   0.01018   0.00518   0.09206    0.3758   0.01467
   435/499     1.39G   0.05783    0.2539  0.006873    0.3186       453       512   0.02373    0.2419   0.00933  0.004663   0.09226    0.3757   0.01469
   436/499     1.39G   0.05762    0.2413  0.006618    0.3055       318       512   0.02409    0.2499  0.009744  0.004976     0.092    0.3783   0.01485
   437/499     1.39G   0.05819    0.2386  0.006304    0.3031      1127       512   0.02451     0.263   0.01007  0.005234   0.09228    0.3806   0.01484
   438/499     1.39G   0.06135    0.2648  0.006072    0.3322       434       512   0.02379    0.2357  0.009587  0.005003   0.09267    0.3788   0.01471
   439/499     1.39G   0.05655    0.2268  0.007353    0.2907       488       512   0.02395    0.2423   0.00969  0.004993   0.09257      0.38   0.01468
   440/499     1.39G   0.05776    0.2363  0.006711    0.3008       161       512   0.02306    0.2405  0.008915  0.004576   0.09297    0.3799    0.0146
   441/499     1.39G    0.0559    0.2331  0.007223    0.2962       726       512   0.02388    0.2214  0.009545  0.004978   0.09241    0.3839   0.01467
   442/499     1.39G    0.0587    0.2607  0.006456    0.3259       582       512   0.02408    0.2365   0.00977  0.005044   0.09238    0.3828   0.01469
   443/499     1.39G   0.05894    0.2472  0.006504    0.3126       992       512   0.02355    0.2528  0.009522  0.004792   0.09239     0.382   0.01469
   444/499     1.39G   0.05825    0.2248  0.006963      0.29       584       512   0.02288    0.2262  0.008726  0.004335   0.09289    0.3803   0.01477
   445/499     1.39G   0.05814    0.2453  0.007111    0.3105       958       512   0.02306    0.2461  0.008777  0.004242    0.0926    0.3816   0.01484
   446/499     1.39G   0.05685    0.2304   0.00649    0.2937       520       512   0.02262    0.2495  0.008411  0.004101   0.09265    0.3821    0.0149
   447/499     1.39G   0.05649    0.2243  0.006404    0.2872       312       512   0.02291    0.2311  0.008744   0.00434    0.0926    0.3879   0.01493
   448/499     1.39G   0.05863     0.244  0.007232    0.3099       137       512   0.02383    0.2436  0.009141   0.00454   0.09291     0.385   0.01493
   449/499     1.39G   0.05673    0.2306  0.006662     0.294       958       512   0.02344     0.251   0.00904  0.004504   0.09322    0.3843   0.01496
   450/499     1.39G   0.06043    0.2634  0.005948    0.3298       420       512   0.02281    0.2358  0.008812  0.004347   0.09266    0.3822   0.01487
   451/499     1.39G   0.05819    0.2427  0.006817    0.3077       387       512   0.02257    0.2157  0.008498  0.004156   0.09306    0.3774   0.01498
   452/499     1.39G   0.05676    0.2389  0.006386    0.3021       599       512   0.02235    0.2439  0.008645  0.004308     0.093     0.379   0.01475
   453/499     1.39G   0.05625    0.2309  0.007046    0.2942       295       512   0.02288    0.2428  0.008736  0.004305    0.0925    0.3827   0.01462
   454/499     1.39G   0.05777    0.2278   0.00662    0.2922       206       512   0.02241    0.2195  0.008223  0.004122   0.09261    0.3849   0.01457
   455/499     1.39G   0.05689    0.2389  0.006484    0.3023       528       512   0.02274    0.2298  0.008351  0.004242   0.09294    0.3856   0.01461
   456/499     1.39G   0.05625    0.2299  0.007119    0.2933        93       512   0.02262    0.2478  0.008532  0.004295   0.09278    0.3855   0.01461
   457/499     1.39G   0.05938    0.2441  0.006101    0.3096       451       512   0.02214    0.2297  0.008546  0.004274   0.09269    0.3851   0.01464
   458/499     1.39G   0.05657    0.2288  0.006304    0.2916       361       512   0.02151    0.2216  0.008083  0.004039   0.09314    0.3836   0.01473
   459/499     1.39G   0.05821    0.2439  0.006468    0.3085       481       512   0.02148    0.2304  0.008035  0.004019   0.09372    0.3858   0.01486
   460/499     1.39G   0.06004    0.2537  0.005873    0.3196       404       512   0.02189    0.2234  0.008026  0.004053    0.0934    0.3857   0.01497
   461/499     1.39G   0.05709     0.229  0.006637    0.2928       411       512   0.02194     0.238  0.008007  0.004038   0.09331    0.3869   0.01505
   462/499     1.39G   0.05552    0.2177  0.006772    0.2799       163       512   0.02128    0.2327  0.007751   0.00389    0.0929    0.3889   0.01515
   463/499     1.39G   0.05871     0.251  0.006286     0.316       304       512    0.0216    0.2234   0.00788  0.003999   0.09329    0.3858   0.01535
   464/499     1.39G   0.05516    0.2306  0.007106    0.2928       405       512   0.02099    0.2348  0.007658  0.003824   0.09352    0.3829   0.01518
   465/499     1.39G   0.05715     0.221  0.006886     0.285       720       512   0.02135     0.201  0.007834  0.003847    0.0939    0.3828   0.01511
   466/499     1.39G   0.05965    0.2506  0.006172    0.3165      1198       512   0.02078     0.222  0.007619  0.003643   0.09412    0.3841   0.01502
   467/499     1.39G   0.05934    0.2519  0.006542    0.3178      1325       512    0.0211    0.2187  0.007727  0.003696    0.0941    0.3862   0.01497
   468/499     1.39G   0.05786    0.2398  0.007044    0.3047       628       512   0.02238     0.227  0.008295  0.003885   0.09434    0.3807   0.01506
   469/499     1.39G   0.05669     0.227  0.006304      0.29       564       512   0.02173    0.2328  0.007823  0.003729   0.09483    0.3802   0.01502
   470/499     1.39G   0.05905    0.2494  0.006132    0.3146       753       512   0.02128     0.237  0.007729  0.003626   0.09465    0.3841   0.01497
   471/499     1.39G   0.05789    0.2504   0.00663    0.3149       439       512   0.02147    0.2419  0.007646  0.003616   0.09438     0.385   0.01493
   472/499     1.39G   0.05736    0.2361  0.006761    0.3002       575       512   0.02091    0.2283  0.007499  0.003536   0.09475    0.3823   0.01498
   473/499     1.39G   0.05883     0.246  0.006882    0.3117       936       512   0.02182    0.2273  0.007751  0.003662    0.0942    0.3886   0.01498
   474/499     1.39G   0.05565    0.2349  0.006788    0.2974       756       512   0.02166    0.2046  0.007612  0.003619   0.09419    0.3877   0.01485
   475/499     1.39G   0.05726     0.234  0.006961    0.2982       255       512   0.02157    0.2205  0.007671  0.003664   0.09414     0.388   0.01486
   476/499     1.39G   0.05832    0.2356  0.006333    0.3002       846       512   0.02145    0.2173  0.007776  0.003734   0.09436    0.3879   0.01479
   477/499     1.39G   0.05886    0.2728  0.006181    0.3378       339       512   0.02144    0.2368  0.007872  0.003872   0.09443    0.3858   0.01462
   478/499     1.39G   0.05563    0.2249  0.006577    0.2871       328       512   0.02127    0.2147  0.007522  0.003758   0.09414    0.3879   0.01474
   479/499     1.39G   0.05647     0.232  0.006404    0.2949      1110       512    0.0211    0.2076  0.007467  0.003679   0.09395      0.39   0.01481
   480/499     1.39G   0.05926    0.2551  0.006382    0.3207       449       512   0.02117    0.2119  0.007628  0.003733   0.09451    0.3871   0.01506
   481/499     1.39G   0.05704    0.2483  0.006741    0.3121       737       512   0.02093     0.203  0.007583  0.003728   0.09473    0.3844   0.01524
   482/499     1.39G   0.05543    0.2216  0.006729    0.2837       717       512   0.02028    0.2121  0.007408  0.003647   0.09476    0.3871   0.01534
   483/499     1.39G   0.05689     0.221  0.006164     0.284      1375       512   0.02072    0.2184  0.007532  0.003589   0.09453     0.386   0.01529
   484/499     1.39G   0.05706    0.2145  0.006148    0.2777       362       512   0.02183    0.2228  0.007959  0.003743   0.09412    0.3856   0.01527
   485/499     1.39G   0.05834    0.2461  0.006421    0.3109       455       512   0.02162    0.2208  0.007705  0.003621   0.09383    0.3901   0.01501
   486/499     1.39G   0.05748    0.2385  0.006453    0.3024       205       512   0.02077    0.2204  0.007366  0.003496   0.09418    0.3897   0.01501
   487/499     1.39G   0.05642    0.2379  0.006605    0.3009       633       512   0.02025    0.2143  0.007193  0.003408   0.09433     0.388   0.01512
   488/499     1.39G   0.06054    0.2414  0.005617    0.3075       586       512   0.02032    0.2187  0.007048  0.003359   0.09491    0.3868   0.01517
   489/499     1.39G   0.05732    0.2234  0.006524    0.2872      1125       512   0.02044    0.2076  0.007103   0.00342   0.09488    0.3862   0.01534
   490/499     1.39G   0.05683    0.2451  0.006434    0.3084       635       512   0.02054     0.218  0.007212  0.003447   0.09449    0.3933   0.01532
   491/499     1.39G   0.05641    0.2177  0.006194    0.2803       655       512   0.02062    0.2087  0.007152  0.003459   0.09434     0.393   0.01522
   492/499     1.39G    0.0591    0.2388  0.005835    0.3038       376       512   0.02031     0.226  0.007011  0.003408   0.09406     0.391   0.01514
   493/499     1.39G   0.05862    0.2463  0.006285    0.3112       725       512   0.02033    0.2183  0.007084  0.003444   0.09382    0.3943   0.01519
   494/499     1.39G   0.05633    0.2289  0.006394    0.2916       362       512   0.02114    0.2289  0.007813    0.0038   0.09367    0.3976   0.01514
   495/499     1.39G    0.0575    0.2288  0.005506    0.2918       573       512   0.02142    0.2183  0.007737  0.003788   0.09377    0.3945   0.01519
   496/499     1.39G   0.06055    0.2541  0.006335     0.321       584       512   0.02012    0.2028  0.007112  0.003453   0.09436     0.392   0.01525
   497/499     1.39G   0.05694    0.2387  0.006225    0.3019       284       512   0.02015    0.2121  0.007076  0.003393    0.0946    0.3963   0.01522
   498/499     1.39G   0.05695    0.2461  0.006349    0.3094       927       512   0.02016    0.2169  0.007066   0.00333   0.09502    0.3961    0.0153
   499/499     1.39G   0.05895    0.2325  0.006001    0.2974       178       512   0.01976    0.1994  0.006839  0.003239   0.09552    0.3936   0.01533
